Webots Project File version R2023b
perspectives: 000000ff00000000fd000000010000000300000476000000d9fc0100000002fb0000001400540065007800740045006400690074006f00720100000000000001560000007700fffffffb0000001a0043006f006e0073006f006c00650041006c006c0041006c006c01000001580000031e0000006900ffffff000004760000044c00000001000000020000000100000008fc00000000
simulationViewPerspectives: 000000ff0000000100000002000001bf000002b50100000002010000000100
sceneTreePerspectives: 000000ff00000001000000030000001d000000c0000000fa0100000002010000000200
maximizedDockId: -1
centralWidgetVisible: 1
orthographicViewHeight: 1
textFiles: 0 "controllers/cecilia_ctrl/cecilia_ctrl.c"
consoles: Console:All:All
renderingDevicePerspectives: robot:camera;1;0.622552;0.767138;0
renderingDevicePerspectives: robot:display;1;1;0;0
