Webots Project File version R2023b
perspectives: 000000ff00000000fd0000000100000003000009d8000001c6fc0100000002fb0000001400540065007800740045006400690074006f00720100000000000006910000007700fffffffb0000001a0043006f006e0073006f006c00650041006c006c0041006c006c0100000693000003450000006900ffffff000009d80000047100000001000000020000000100000008fc00000000
simulationViewPerspectives: 000000ff000000010000000200000158000007620100000002010000000100
sceneTreePerspectives: 000000ff000000010000000300000025000004cd000000fa0100000002010000000200
maximizedDockId: -1
centralWidgetVisible: 1
orthographicViewHeight: 1
textFiles: 0 "controllers/ARX-4/ARX-4.c"
consoles: Console:All:All
renderingDevicePerspectives: robot:camera;1;0.148148;0;0
renderingDevicePerspectives: robot:display;1;2.19167;0;0
