Webots Project File version R2023b
perspectives: 000000ff00000000fd00000001000000030000049f000001e3fc0100000002fb0000001400540065007800740045006400690074006f007201000000000000019b0000007700fffffffb0000001a0043006f006e0073006f006c00650041006c006c0041006c006c010000019d000003020000006900ffffff0000049f000003ee00000001000000020000000100000008fc00000000
simulationViewPerspectives: 000000ff0000000100000002000001aa000003660100000002010000000101
sceneTreePerspectives: 000000ff000000010000000300000025000000c0000000000100000002010000000201
maximizedDockId: -1
centralWidgetVisible: 1
orthographicViewHeight: 1
textFiles: 0 "controllers/ccc/ccc.c"
globalOptionalRendering: CoordinateSystem
consoles: Console:All:All
renderingDevicePerspectives: robot:display;1;3.35938;0.018221;0
